718
709
709
718
705
705
705
705
692
686
682
672
700
681
701
701
701
689
676
678
667
665
284
130
132
134
131
130
129
129
127
97
97
97
0
0
0
0
0
0
0
0
0
94
95
96
98
95
96
95
94
93
99
99
99
89
89
89
89
89
89
71
66
68
68
66
62
63
60
59
60
58
56
56
57
52
50
49
48
48
46
46
46
45
45
45
0
0
0
0
0
0
0
0
0
40
40
30
31
32
32
31
34
33
33
33
33
33
32
32
32
32
32
32
32
31
29
31
31
30
29
14
14
14
14
14
12
13
14
13
17
9
12
10
10
16
16
16
0
0
0
0
0
0
0
0
0
8
8
12
12
12
12
12
11
11
11
11
11
11
10
10
10
10
10
10
540
155
163
164
165
165
162
163
96
98
100
99
99
101
99
99
96
97
90
90
89
93
97
97
0
0
0
0
0
0
0
0
0
93
94
92
91
91
93
93
93
93
95
94
94
94
92
92
93
94
94
1270
1259
1258
1260
1210
1252
1275
1275
1275
1244
1223
1192
1179
1170
1167
1199
1212
1224
1221
1232
1192
1193
1189
1159
1180
1180
0
0
0
0
0
0
0
0
0
1125
677
672
675
663
671
670
691
667
676
676
679
679
679
672
668
668
695
696
679
687
694
683
660
666
645
678
710
736
736
743
735
726
710
689
687
686
709
697
714
719
723
723
0
0
0
0
0
0
0
0
0
704
706
202
199
197
203
204
204
204
202
202
202
200
200
200
200
202
202
197
197
201
198
196
197
531
534
533
489
475
469
467
463
476
470
478
489
490
474
469
474
466
467
463
0
0
0
0
0
0
0
0
0
599
599
599
595
589
576
566
604
632
625
625
625
648
648
652
638
631
641
641
635
335
336
336
346
154
159
158
160
160
97
95
101
71
47
44
41
30
30
31
31
32
32
32
0
0
0
0
0
0
0
0
0
30
39
40
40
40
70
70
69
69
68
68
68
68
68
183
184
185
188
188
188
180
178
178
39
56
65
28
27
27
139
138
138
137
135
132
91
89
91
91
90
87
90
518
0
0
0
0
0
0
0
0
0
531
533
530
526
521
518
521
504
500
504
494
494
500
503
495
490
479
475
476
477
473
473
476
479
474
473
469
481
491
479
478
481
479
476
491
485
479
201
203
201
200
197
240
0
0
0
0
0
0
0
0
0
146
146
142
104
78
76
73
68
70
48
49
49
49
50
49
50
50
50
51
50
50
50
50
47
47
48
48
47
49
46
45
45
45
46
45
46
44
27
32
32
32
32
29
29
0
0
0
0
0
0
0
0
0
30
25
31
34
31
29
29
29
31
33
33
33
33
33
33
33
33
30
22
22
22
22
22
22
21
21
21
23
23
23
24
21
21
18
18
18
17
16
17
16
16
19
19
0
0
0
0
0
0
0
0
0
11
10
10
10
10
13
13
13
13
13
13
13
13
10
10
9
9
11
16
16
11
13
13
13
33
31
21
18
18
16
16
16
12
8
8
10
10
10
10
10
8
8
8
0
0
0
0
0
0
0
0
0
8
8
8
8
8
8
258
258
256
257
257
265
283
282
274
270
265
265
268
274
284
277
277
273
273
270
267
259
256
255
256
263
258
250
247
252
249
242
238
237
237
235
235
0
0
0
0
0
0
0
0
0
244
240
241
241
238
238
238
8
8
8
9
10
10
10
10
9
10
10
10
10
10
10
10
10
10
10
10
10
10
10
320
232
231
237
236
236
238
241
206
205
202
206
205
0
0
0
0
0
0
0
0
0
138
137
136
138
87
86
53
51
50
51
51
51
50
50
50
51
51
35
18
18
18
18
18
18
21
21
22
21
21
14
18
17
16
16
15
14
14
11
12
12
12
12
12
12
0
0
0
0
0
0
0
0
0
220
220
218
221
222
606
603
613
617
612
611
608
617
612
621
619
608
610
617
627
637
632
637
637
637
642
645
654
659
659
659
665
665
655
657
662
669
676
451
524
526
527
530
0
0
0
0
0
0
0
0
0
445
445
450
453
461
314
312
314
318
320
317
318
318
324
333
335
332
332
332
320
273
274
270
271
271
271
271
268
265
249
247
247
247
248
249
245
239
238
287
227
232
233
234
0
0
0
0
0
0
0
0
0
245
244
243
241
236
207
208
161
159
143
143
142
142
144
804
806
808
821
847
851
851
846
846
843
847
851
857
845
853
864
880
893
909
909
911
895
894
750
747
738
734
724
725
0
0
0
0
0
0
0
0
0
695
693
696
700
700
699
705
710
708
1012
1010
1010
1005
1010
1022
1007
1013
1031
1012
1006
1021
1021
1018
1018
1015
1016
1030
1033
1042
1048
1052
1066
1053
1033
1081
1090
1092
1381
1384
1364
1387
1403
1399
0
0
0
0
0
0
0
0
0
1454
1434
1438
1430
1446
1437
1427
1449
1435
846
848
847
844
839
845
850
865
853
836
831
833
831
831
833
842
846
846
862
859
865
884
882
879
877
881
877
888
956
966
969
974
985
988
0
0
0
0
0
0
0
0
0
983
978
978
976
975
973
973
709
703
939
586
586
583
587
571
568
564
558
557
559
561
561
561
560
554
552
554
550
548
554
552
553
552
556
557
561
561
558
562
555
558
552
557
557
0
0
0
0
0
0
0
0
0
539
535
534
530
532
532
531
682
692
692
45
540
538
537
536
542
541
547
551
550
543
541
541
541
542
543
548
539
470
316
311
318
321
322
320
325
321
318
241
240
240
243
240
0
0
0
0
0
0
0
0
0
156
149
146
127
115
117
117
117
118
122
110
108
108
108
108
108
109
75
74
282
277
280
211
212
209
209
209
213
162
163
110
110
77
77
75
74
48
50
48
48
48
48
48
0
0
0
0
0
0
0
0
0
46
46
46
46
46
45
48
46
45
44
45
45
45
45
45
41
40
51
51
49
47
50
52
53
53
53
45
45
47
51
60
43
43
42
41
58
58
59
60
42
42
42
42
0
0
0
0
0
0
0
0
0
31
41
41
41
44
77
74
73
115
113
110
110
190
190
191
18
18
18
17
16
15
17
17
17
17
19
19
19
19
19
18
18
18
19
18
18
17
16
16
16
16
17
17
0
0
0
0
0
0
0
0
0
21
19
19
0
0
0
0
0
0
0
0
0
0
0
0
0
0
0
0
0
0
0
0
0
0
0
19
0
0
0
0
19
0
19
0
19
19
0
19
0
0
19
0
0
0
0
0
20
20
20
21
21
21
21
21
21
21
21
21
21
21
21
21
21
21
21
21
21
21
21
21
21
21
21
21
21
21
21
21
22
25
25
25
12
12
13
13
13
14
14
0
0
0
0
0
0
0
0
0
0
16
16
16
16
16
16
16
16
16
16
16
16
16
16
17
17
17
17
17
17
18
21
25
25
22
21
21
40
56
27
43
44
40
37
31
29
21
30
30
31
37
36
0
0
0
0
0
0
0
0
0
23
20
22
22
22
21
21
21
21
21
30
30
32
32
33
34
34
60
53
53
40
41
42
42
42
48
48
51
50
49
48
48
48
47
52
52
41
37
37
10
0
