718
709
709
718
705
705
705
705
692
686
682
672
700
681
701
701
701
689
676
678
667
665
284
130
132
134
131
130
129
129
127
97
97
97
2000
2000
2000
2000
2000
2000
2000
2000
2000
94
95
96
98
95
96
95
94
93
99
99
99
89
89
89
89
89
89
71
66
68
68
66
62
63
60
59
60
58
56
56
57
52
50
49
48
48
46
46
46
45
45
45
2000
2000
2000
2000
2000
2000
2000
2000
2000
40
40
30
31
32
32
31
34
33
33
33
33
33
32
32
32
32
32
32
32
31
29
31
31
30
29
14
14
14
14
14
12
13
14
13
17
9
12
10
10
16
16
16
2000
2000
2000
2000
2000
2000
2000
2000
2000
8
8
12
12
12
12
12
11
11
11
11
11
11
10
10
10
10
10
10
7
6
7
3
3
3
3
6
6
4
4
3
2
2
2
2
1
3
2
2
2
1
2
2
2000
2000
2000
2000
2000
2000
2000
2000
2000
1
1
2
2
2
2
2
2
2
2
2
2
2
1
1
1
1
1
1
1
1
1
1
1
1
1
1
1
1
1
1
1
1
1
1
1
1
1
1
1
1
1
1
1
2000
2000
2000
2000
2000
2000
2000
2000
2000
1
1
1
1
1
1
1
1
1
1
1
1
1
1
1
1
1
1
1
1
1
1
1
1
1
1
1
1
1
1
1
1
1
1
1
1
1
1
1
1
1
1
1
2000
2000
2000
2000
2000
2000
2000
2000
2000
1
1
1
1
1
1
1
1
1
1
1
1
1
1
1
1
1
1
1
1
1
1
1
1
1
1
2
2
2
2
2
2
2
2
1
1
1
1
1
1
1
1
1
2000
2000
2000
2000
2000
2000
2000
2000
2000
2
1
1
1
1
1
1
1
2
2
2
2
2
2
1
1
1
1
1
1
1
1
1
3
1
2
2
2
2
7
7
7
7
7
7
11
11
11
11
11
11
11
11
2000
2000
2000
2000
2000
2000
2000
2000
2000
11
5
5
5
3
3
3
3
3
3
3
3
3
3
2
2
2
2
2
2
2
2
2
1
1
1
1
1
1
1
1
1
1
2
2
2
2
3
3
3
3
3
4
2000
2000
2000
2000
2000
2000
2000
2000
2000
6
5
4
4
4
5
5
5
5
5
5
5
5
5
5
5
5
3
3
3
6
6
5
5
5
5
7
8
9
9
7
6
6
6
6
3
3
2
2
2
2
2
2
2000
2000
2000
2000
2000
2000
2000
2000
2000
1
1
1
1
1
1
1
1
1
1
1
1
1
1
1
1
1
1
1
1
1
1
1
1
1
1
1
1
1
1
1
1
1
1
1
1
1
1
1
1
1
1
1
1
2000
2000
2000
2000
2000
2000
2000
2000
2000
1
1
1
1
1
1
1
1
1
1
1
1
1
1
1
1
1
1
1
1
1
1
1
1
1
1
1
1
1
1
1
1
1
1
1
1
1
1
1
1
1
1
1
2000
2000
2000
2000
2000
2000
2000
2000
2000
1
1
1
1
1
1
1
1
1
1
1
1
1
1
1
1
1
1
1
1
1
1
1
1
1
1
1
1
1
1
1
1
1
1
1
1
1
1
1
1
1
1
1
2000
2000
2000
2000
2000
2000
2000
2000
2000
1
1
1
1
1
1
1
1
1
1
1
1
1
1
1
1
1
1
1
1
1
1
1
1
1
1
1
1
1
1
1
1
1
1
1
1
1
1
1
1
1
1
1
2000
2000
2000
2000
2000
2000
2000
2000
2000
1
1
1
1
1
1
1
1
1
1
1
1
1
1
1
1
1
1
1
1
1
1
1
1
1
1
1
1
1
1
1
1
1
1
1
1
1
1
1
1
1
1
1
2000
2000
2000
2000
2000
2000
2000
2000
2000
1
1
1
1
1
1
1
1
1
1
1
1
1
1
1
1
1
1
1
1
1
1
1
1
1
1
1
1
1
1
1
1
1
1
1
1
1
1
1
1
1
1
1
1
2000
2000
2000
2000
2000
2000
2000
2000
2000
1
1
1
1
1
1
1
1
1
1
1
1
1
1
1
1
1
1
1
1
1
1
1
1
1
1
1
1
1
1
1
1
1
1
1
1
1
1
1
1
1
1
1
2000
2000
2000
2000
2000
2000
2000
2000
2000
1
1
1
1
1
1
1
1
1
1
1
1
1
1
1
1
1
1
1
1
1
1
1
1
1
1
1
1
1
1
1
1
1
1
1
1
1
1
1
1
1
1
1
2000
2000
2000
2000
2000
2000
2000
2000
2000
1
1
1
1
1
1
1
1
1
1
1
1
1
1
1
1
1
1
1
1
1
1
1
1
1
1
1
1
1
1
1
1
1
1
1
1
1
1
1
1
1
1
1
2000
2000
2000
2000
2000
2000
2000
2000
2000
1
1
1
1
1
1
1
1
1
1
1
1
1
1
1
1
1
1
1
1
1
1
1
1
1
1
1
1
1
1
1
1
1
1
1
1
1
1
1
1
1
1
1
2000
2000
2000
2000
2000
2000
2000
2000
2000
1
1
1
1
1
1
1
1
1
1
1
1
1
1
1
1
1
1
1
1
1
1
1
1
1
1
1
1
1
1
1
1
1
1
1
1
1
1
1
1
1
1
1
2000
2000
2000
2000
2000
2000
2000
2000
2000
1
1
1
1
1
1
1
1
1
1
1
1
1
1
1
1
1
1
1
1
1
1
1
1
1
1
1
1
1
1
1
1
1
1
1
1
1
1
1
1
1
1
1
1
2000
2000
2000
2000
2000
2000
2000
2000
2000
1
1
1
1
1
1
1
1
1
1
1
1
1
1
1
1
1
1
1
1
1
1
1
1
1
1
1
1
1
1
1
1
1
1
1
1
1
1
1
1
1
1
1
2000
2000
2000
2000
2000
2000
2000
2000
2000
1
1
1
1
1
1
1
1
1
1
1
2
1
2
2
2
2
2
2
2
2
2
2
2
2
2
2
2
2
1
1
1
1
1
1
1
1
1
1
1
1
1
1
2000
2000
2000
2000
2000
2000
2000
2000
2000
1
1
1
1
1
2
1
1
1
1
1
1
1
1
1
1
1
1
1
1
1
1
1
1
1
1
1
1
1
1
1
1
1
1
1
1
1
1
1
1
1
1
1
2000
2000
2000
2000
2000
2000
2000
2000
2000
1
1
1
1
1
1
1
1
1
1
1
1
1
1
1
1
1
1
1
1
1
1
1
1
1
1
1
1
1
1
1
1
1
1
1
1
1
1
1
1
1
1
1
2000
2000
2000
2000
2000
2000
2000
2000
2000
1
1
1
2000
2000
2000
2000
2000
2000
2000
2000
2000
2000
2000
2000
2000
2000
2000
2000
2000
2000
2000
2000
2000
2000
2000
1
2000
2000
2000
2000
1
2000
1
2000
1
1
2000
1
2000
2000
1
2000
2000
2000
2000
2000
1
1
1
1
1
1
1
1
1
1
1
1
1
1
1
1
1
1
1
1
1
1
1
1
1
1
1
1
1
1
1
1
1
1
1
1
1
1
1
1
1
1
1
2000
2000
2000
2000
2000
2000
2000
2000
2000
2000
1
1
1
1
1
1
1
1
1
1
1
1
1
1
1
1
1
1
1
1
1
1
1
1
1
1
1
1
1
1
1
1
1
1
1
1
1
1
1
1
1
1
2000
2000
2000
2000
2000
2000
2000
2000
2000
1
1
1
1
1
1
1
1
1
1
1
1
1
1
1
1
1
1
1
1
1
1
1
1
1
1
1
1
1
1
1
1
1
1
1
1
1
1
1
7
2000
