【Jayson Tatum】,74,74,36.9,30.1,1.1,7.7,8.8,4.6,1.1,0.7,2.9,2.2,1.6
Jaylen Brown,67,67,35.9,26.6,1.2,5.7,6.9,3.5,1.1,0.4,2.9,2.6,1.2
Malcolm Brogdon,67,0,26.0,14.9,0.6,3.6,4.2,3.7,0.7,0.3,1.5,1.6,2.5
Derrick White,82,70,28.3,12.4,0.6,2.9,3.6,3.9,0.7,0.9,1.2,2.2,3.4
Marcus Smart,61,61,32.1,11.5,0.8,2.4,3.1,6.3,1.5,0.4,2.3,2.8,2.7
Al Horford,63,63,30.5,9.8,1.2,5.0,6.2,3.0,0.5,1.0,0.6,1.9,5.1
Grant Williams,79,23,25.9,8.1,1.1,3.5,4.6,1.7,0.5,0.4,1.0,2.4,1.6
Robert Williams III,35,20,23.5,8.0,3.0,5.4,8.3,1.4,0.6,1.4,1.0,1.9,1.5
Sam Hauser,80,8,16.1,6.4,0.4,2.1,2.6,0.9,0.4,0.3,0.4,1.2,2.4
Mike Muscala,20,4,16.2,5.9,0.7,2.7,3.4,0.6,0.2,0.3,0.5,1.4,1.3
Payton Pritchard,48,3,13.4,5.6,0.5,1.3,1.8,1.3,0.3,0.0,0.8,0.8,1.6
Blake Griffin,41,16,13.9,4.1,1.1,2.6,3.8,1.5,0.3,0.2,0.5,1.8,2.8
Luke Kornet,69,0,11.7,3.8,1.2,1.6,2.9,0.8,0.2,0.7,0.4,1.2,2.1
Justin Champagnie,2,0,11.5,2.5,1.0,1.0,2.0,1.5,0.5,0.0,0.0,0.5,INF
Jevon Carter,1,0,0.0,2.0,0.0,0.0,0.0,0.0,0.0,0.0,0.0,0.0,0.0
JD Davison,12,0,5.5,1.6,0.2,0.6,0.8,0.9,0.2,0.2,0.3,0.4,2.8
Mfiondu Kabengele,4,0,9.0,1.5,1.3,1.3,2.5,0.0,0.5,0.0,0.3,0.8,0.0
Noah Vonleh,23,1,7.5,1.1,0.8,1.3,2.1,0.3,0.1,0.3,0.5,1.5,0.6
Justin Jackson,23,0,4.7,0.9,0.1,0.7,0.7,0.4,0.2,0.2,0.1,0.3,4.5
Zach LaVine,77,77,35.9,24.8,0.5,3.9,4.5,4.2,0.9,0.2,2.5,2.1,1.7
DeMar DeRozan,74,74,36.2,24.5,0.5,4.2,4.6,5.1,1.1,0.5,2.1,2.5,2.5
Nikola Vucevic,82,82,33.5,17.6,1.9,9.1,11.0,3.2,0.7,0.7,1.7,2.2,1.9
Patrick Williams,82,65,28.3,10.2,1.0,3.0,4.0,1.2,0.9,0.9,1.2,1.8,1.0
Coby White,74,2,23.4,9.7,0.2,2.6,2.9,2.8,0.7,0.1,1.0,1.6,2.8
Ayo Dosunmu,80,51,26.2,8.6,0.6,2.2,2.8,2.6,0.8,0.3,1.2,2.3,2.1
Goran Dragic,51,0,15.4,6.4,0.3,1.1,1.4,2.7,0.2,0.1,1.1,1.2,2.5
Andre Drummond,67,0,12.7,6.0,2.1,4.6,6.6,0.5,0.7,0.4,1.1,1.7,0.4
Patrick Beverley,22,22,27.5,5.8,0.9,4.0,4.9,3.5,1.0,0.7,0.8,2.9,4.2
Alex Caruso,67,36,23.5,5.6,0.6,2.3,2.9,2.9,1.5,0.7,1.1,2.4,2.5
Javonte Green,32,1,15.0,5.2,0.8,1.9,2.8,0.7,0.8,0.7,0.6,1.6,1.2
Derrick Jones Jr.,64,0,14.0,5.0,0.9,1.5,2.4,0.5,0.5,0.6,0.4,1.3,1.4
Terry Taylor,5,0,7.2,4.0,1.0,0.6,1.6,0.0,0.0,0.2,0.0,0.4,0.0
Carlik Jones,7,0,8.0,2.9,0.1,0.6,0.7,0.9,0.3,0.0,0.3,0.3,3.0
Dalen Terry,38,0,5.6,2.2,0.3,0.7,1.0,0.6,0.3,0.1,0.2,0.6,2.8
Tony Bradley,12,0,2.8,1.6,0.1,0.8,0.9,0.1,0.1,0.1,0.1,0.2,1.0
Malcolm Hill,5,0,1.8,1.0,0.0,0.6,0.6,0.0,0.0,0.0,0.0,0.2,0.0
Marko Simonovic,7,0,2.9,0.9,0.1,0.1,0.3,0.0,0.0,0.0,0.0,0.7,0.0
Trae Young,73,73,34.8,26.2,0.8,2.2,3.0,10.2,1.1,0.1,4.1,1.4,2.5
Dejounte Murray,74,74,36.4,20.5,0.7,4.5,5.3,6.1,1.5,0.3,2.2,1.4,2.8
De'Andre Hunter,67,67,31.7,15.4,0.7,3.6,4.2,1.4,0.5,0.3,1.2,3.0,1.1
Bogdan Bogdanovic,54,9,27.9,14.0,0.4,2.6,3.1,2.8,0.8,0.3,1.2,1.6,2.3
John Collins,71,71,30.0,13.1,1.1,5.4,6.5,1.2,0.6,1.0,1.1,3.1,1.1
Clint Capela,65,63,26.6,12.0,4.0,7.1,11.0,0.9,0.7,1.2,0.8,2.1,1.1
Saddiq Bey,25,7,25.2,11.6,1.6,3.2,4.8,1.4,0.8,0.0,0.7,1.5,2.0
Onyeka Okongwu,80,18,23.1,9.9,2.7,4.5,7.2,1.0,0.7,1.3,1.0,3.1,1.0
AJ Griffin,72,12,19.5,8.9,0.5,1.6,2.1,1.0,0.6,0.2,0.6,1.2,1.7
Jalen Johnson,70,6,14.9,5.6,0.7,3.3,4.0,1.2,0.5,0.5,0.6,1.6,2.0
Garrison Mathews,9,0,9.3,4.8,0.1,1.1,1.2,0.3,0.1,0.1,0.1,0.7,3.0
Justin Holiday,28,0,14.7,4.5,0.1,0.8,0.8,0.9,0.2,0.4,0.4,1.3,2.1
Jarrett Culver,10,1,13.7,4.4,1.0,2.8,3.8,0.6,0.6,0.2,0.7,1.4,0.9
Aaron Holiday,63,6,13.4,3.9,0.4,0.8,1.2,1.4,0.6,0.2,0.6,1.3,2.5
Bruno Fernando,8,0,5.1,3.4,0.8,1.1,1.9,0.1,0.0,0.4,0.6,0.8,0.2
Frank Kaminsky,26,0,6.8,2.7,0.1,1.3,1.4,0.8,0.2,0.0,0.3,0.8,2.3
Trent Forrest,23,3,12.0,2.3,0.2,1.4,1.6,1.7,0.3,0.1,0.7,0.7,2.5
Donovan Williams,2,0,2.0,2.0,0.0,1.0,1.0,0.0,0.0,0.0,0.0,0.0,0.0
Tyrese Martin,16,0,4.1,1.3,0.3,0.4,0.8,0.1,0.1,0.0,0.1,0.1,1.0
Vit Krejci,29,0,5.7,1.2,0.2,0.7,0.9,0.6,0.2,0.0,0.2,0.6,3.4
Kevin Durant,39,39,36.0,29.7,0.4,6.4,6.7,5.3,0.8,1.5,3.5,2.4,1.5
Kyrie Irving,40,40,37.0,27.1,1.0,4.2,5.1,5.3,1.0,0.8,2.3,2.7,2.3
Mikal Bridges,27,27,34.2,26.1,0.9,3.6,4.5,2.7,1.0,0.6,1.8,1.6,1.5
Cameron Johnson,25,25,30.8,16.6,0.8,4.0,4.8,2.1,1.4,0.3,1.1,2.2,1.9
Spencer Dinwiddie,26,26,35.3,16.5,0.3,3.8,4.1,9.1,1.1,0.3,2.1,2.4,4.3
RaiQuan Gray,1,0,35.0,16.0,3.0,6.0,9.0,7.0,0.0,1.0,4.0,5.0,1.8
Nic Claxton,76,76,29.9,12.6,2.4,6.8,9.2,1.9,0.9,2.5,1.3,2.8,1.5
Cam Thomas,57,4,16.6,10.6,0.1,1.5,1.7,1.4,0.4,0.1,1.1,1.0,1.2
T.J. Warren,26,0,18.8,9.5,0.5,2.3,2.8,1.1,0.6,0.3,0.7,1.7,1.7
Seth Curry,61,7,19.9,9.2,0.2,1.4,1.6,1.6,0.6,0.1,0.8,1.6,1.9
Royce O'Neale,76,53,31.7,8.8,0.7,4.3,5.1,3.7,0.9,0.6,1.5,3.1,2.5
Joe Harris,74,33,20.6,7.6,0.3,1.9,2.2,1.4,0.5,0.2,0.6,1.9,2.5
Dorian Finney-Smith,26,26,27.7,7.2,1.8,3.1,4.9,1.6,0.7,0.6,1.0,2.5,1.6
Edmond Sumner,53,12,13.9,7.1,0.2,1.2,1.5,1.3,0.6,0.2,0.9,1.6,1.4
Ben Simmons,42,33,26.3,6.9,1.0,5.3,6.3,6.1,1.3,0.6,2.3,3.3,2.6
Patty Mills,40,2,14.2,6.2,0.2,0.9,1.1,1.4,0.4,0.1,0.8,0.8,1.9
Yuta Watanabe,58,1,16.0,5.6,0.5,1.9,2.4,0.8,0.4,0.3,0.4,1.4,2.2
Day'Ron Sharpe,48,3,11.5,4.7,2.1,2.1,4.2,0.8,0.3,0.7,0.9,1.9,0.9
David Duke Jr.,23,0,9.9,3.7,0.5,0.8,1.3,0.9,0.4,0.0,0.8,1.3,1.2
Markieff Morris,27,1,10.6,3.6,0.5,1.7,2.2,0.9,0.3,0.2,0.5,1.2,1.8
Dru Smith,10,0,9.2,3.3,0.1,1.4,1.5,1.7,0.6,0.1,0.2,1.3,8.5
Kessler Edwards,14,1,5.7,1.1,0.4,0.6,1.0,0.1,0.2,0.1,0.3,0.2,0.5
Nerlens Noel,3,1,14.3,1.0,1.0,2.0,3.0,1.0,1.0,0.3,1.7,2.3,0.6
Moses Brown,2,0,3.0,0.0,0.0,0.0,0.0,0.0,0.5,0.0,0.5,0.5,0.0
Alondes Williams,1,0,5.0,0.0,0.0,1.0,1.0,0.0,0.0,0.0,2.0,1.0,0.0
Donovan Mitchell,68,68,35.8,28.3,0.9,3.3,4.3,4.4,1.5,0.4,2.6,2.5,1.7
Darius Garland,69,69,35.5,21.6,0.4,2.3,2.7,7.8,1.2,0.1,2.9,2.1,2.7
Evan Mobley,79,79,34.4,16.2,2.4,6.6,9.0,2.8,0.8,1.5,1.8,2.8,1.5
Jarrett Allen,68,68,32.6,14.3,3.3,6.5,9.8,1.7,0.8,1.2,1.4,2.3,1.2
Caris LeVert,74,30,30.2,12.1,0.7,3.1,3.8,3.9,1.0,0.3,1.6,2.3,2.5
Cedi Osman,77,2,20.1,8.7,0.3,2.0,2.3,1.5,0.5,0.1,0.7,1.6,2.2
Kevin Love,41,3,20.0,8.5,1.0,5.8,6.8,1.9,0.2,0.2,1.1,1.6,1.6
Danny Green,8,0,11.9,6.5,0.3,1.0,1.3,0.5,0.6,0.4,0.9,1.3,0.6
Isaac Okoro,76,46,21.8,6.4,0.7,1.8,2.5,1.1,0.7,0.4,0.6,2.1,2.1
Lamar Stevens,62,25,18.1,5.3,0.8,2.6,3.3,0.5,0.4,0.3,0.4,1.3,1.2
Ricky Rubio,33,2,17.2,5.2,0.3,1.8,2.1,3.5,0.8,0.2,0.9,1.5,3.7
Sam Merrill,5,0,11.8,5.0,0.0,1.8,1.8,1.0,0.8,0.0,0.0,0.6,INF
Dean Wade,44,13,20.3,4.7,0.5,3.0,3.4,0.8,0.6,0.5,0.4,2.0,2.2
Raul Neto,48,1,10.5,3.3,0.2,0.8,1.0,1.6,0.4,0.1,0.5,1.0,3.3
Robin Lopez,37,2,8.1,3.0,0.6,0.8,1.4,0.5,0.1,0.2,0.7,1.2,0.8
Mamadi Diakite,22,2,8.0,2.6,0.4,1.0,1.4,0.4,0.2,0.4,0.5,1.2,0.7
Isaiah Mobley,12,0,7.0,2.6,0.3,1.3,1.7,0.3,0.3,0.3,0.1,0.7,3.0
Dylan Windler,3,0,3.3,1.7,0.0,0.0,0.0,0.3,0.3,0.0,0.3,0.0,1.0
LaMelo Ball,36,36,35.2,23.3,1.2,5.3,6.4,8.4,1.3,0.3,3.6,3.3,2.4
Terry Rozier,63,63,35.3,21.1,0.8,3.3,4.1,5.1,1.2,0.3,2.1,1.9,2.4
Kelly Oubre Jr.,48,40,32.3,20.3,1.4,3.8,5.2,1.1,1.4,0.4,1.3,2.9,0.8
P.J. Washington,73,73,32.6,15.7,1.0,3.9,4.9,2.4,0.9,1.1,1.5,2.6,1.6
Gordon Hayward,50,50,31.5,14.7,0.7,3.6,4.3,4.1,0.8,0.2,2.0,1.4,2.1
Mason Plumlee,56,56,28.5,12.2,3.3,6.3,9.7,3.7,0.6,0.6,1.6,2.9,2.4
Jalen McDaniels,56,21,26.7,10.6,0.8,4.0,4.8,2.0,1.2,0.5,1.4,2.8,1.4
Svi Mykhailiuk,19,8,22.5,10.6,0.8,1.6,2.4,2.7,0.7,0.2,1.2,1.2,2.4
Mark Williams,43,17,19.3,9.0,2.2,4.9,7.1,0.4,0.7,1.0,0.9,2.2,0.5
Dennis Smith Jr.,54,15,25.7,8.8,0.5,2.6,3.1,4.8,1.4,0.5,1.5,2.3,3.2
Nick Richards,65,9,18.7,8.2,2.3,4.1,6.4,0.6,0.2,1.1,0.9,2.4,0.6
Theo Maledon,44,7,19.4,6.7,0.3,2.5,2.8,3.5,0.8,0.3,1.3,1.4,2.6
James Bouknight,34,0,15.1,5.6,0.2,1.9,2.1,1.2,0.4,0.1,0.9,1.4,1.3
Bryce McGowens,46,7,17.1,5.3,0.4,1.6,2.0,1.2,0.3,0.1,0.9,1.0,1.3
Cody Martin,7,0,19.1,5.0,1.1,2.3,3.4,1.6,0.6,0.1,0.3,1.9,5.5
Xavier Sneed,4,0,12.0,4.3,0.0,1.3,1.3,1.3,0.0,0.3,0.8,1.8,1.7
JT Thor,69,8,14.0,3.8,0.5,1.7,2.2,0.5,0.3,0.3,0.6,1.0,0.8
Kai Jones,46,0,12.0,3.4,0.8,1.9,2.7,0.3,0.4,0.7,0.7,1.4,0.5
Kobi Simmons,5,0,5.6,1.0,0.2,0.6,0.8,1.0,0.0,0.4,0.2,0.0,5.0
Julius Randle,77,77,35.5,25.1,1.8,8.1,10.0,4.1,0.6,0.3,2.8,3.0,1.5
Jalen Brunson,68,68,35.0,24.0,0.6,3.0,3.5,6.2,0.9,0.2,2.1,2.2,3.0
RJ Barrett,73,73,33.9,19.6,0.8,4.2,5.0,2.8,0.4,0.2,2.2,2.5,1.2
Immanuel Quickley,81,21,28.9,14.9,0.7,3.4,4.2,3.4,1.0,0.2,1.2,2.0,2.8
Quentin Grimes,71,66,29.9,11.3,0.7,2.5,3.2,2.1,0.7,0.4,1.0,2.5,2.2
Josh Hart,25,1,30.0,10.2,1.9,5.2,7.0,3.6,1.4,0.5,1.5,2.5,2.4
Cam Reddish,20,8,21.9,8.4,0.4,1.2,1.6,1.0,0.8,0.4,0.8,1.6,1.3
Obi Toppin,67,5,15.7,7.4,0.4,2.4,2.8,1.0,0.3,0.2,0.6,1.0,1.7
Mitchell Robinson,59,58,26.9,7.4,4.5,4.9,9.4,0.9,0.9,1.8,0.7,2.7,1.3
Evan Fournier,27,7,17.0,6.1,0.1,1.7,1.8,1.3,0.6,0.1,0.8,1.7,1.6
Derrick Rose,27,0,12.5,5.6,0.3,1.2,1.5,1.7,0.3,0.2,0.8,0.7,2.1
Isaiah Hartenstein,82,8,19.9,5.0,2.5,4.0,6.5,1.2,0.6,0.8,0.8,2.6,1.5
Miles McBride,64,2,11.9,3.5,0.2,0.6,0.8,1.1,0.6,0.1,0.4,0.9,2.9
Jericho Sims,52,16,15.6,3.4,1.9,2.8,4.7,0.5,0.3,0.5,0.5,1.8,0.9
Svi Mykhailiuk,13,0,3.1,1.6,0.0,0.5,0.5,0.1,0.1,0.0,0.2,0.1,0.5
Trevor Keels,3,0,2.7,1.0,0.0,0.7,0.7,0.0,0.0,0.0,0.0,0.0,0.0
Ryan Arcidiacono,11,0,2.4,0.3,0.0,0.4,0.4,0.2,0.2,0.0,0.1,0.3,2.0
Bojan Bogdanovic,59,59,32.1,21.6,0.6,3.2,3.8,2.6,0.6,0.1,2.3,1.9,1.1
Cade Cunningham,12,12,33.3,19.9,1.0,5.2,6.2,6.0,0.8,0.6,3.3,2.8,1.8
Jaden Ivey,74,73,31.1,16.3,1.0,2.9,3.9,5.2,0.8,0.2,3.2,3.3,1.6
Saddiq Bey,52,30,28.8,14.8,1.1,3.5,4.7,1.6,1.0,0.2,1.0,1.7,1.6
Alec Burks,51,8,22.0,12.8,0.4,2.7,3.1,2.2,0.7,0.2,1.1,1.9,2.0
James Wiseman,24,22,25.2,12.7,2.3,5.8,8.1,0.7,0.2,0.8,1.5,2.9,0.4
Marvin Bagley III,42,25,23.6,12.0,2.2,4.2,6.4,0.9,0.5,0.7,1.1,1.9,0.8
Isaiah Stewart,50,47,28.3,11.3,2.3,5.8,8.1,1.4,0.4,0.7,1.4,2.7,1.0
Killian Hayes,76,56,28.3,10.3,0.4,2.5,2.9,6.2,1.4,0.4,2.3,2.9,2.7
Eugene Omoruyi,17,4,21.9,9.7,1.2,2.2,3.5,1.0,0.8,0.2,1.1,2.6,0.9
Hamidou Diallo,56,0,17.8,9.3,1.0,2.4,3.5,1.0,0.9,0.3,1.3,2.2,0.8
Jalen Duren,67,31,24.9,9.1,3.4,5.5,8.9,1.1,0.7,0.9,1.4,2.7,0.8
R.J. Hampton,21,3,18.5,7.3,0.4,1.9,2.3,1.0,0.5,0.2,1.0,1.4,1.0
Cory Joseph,62,2,19.8,6.9,0.3,1.4,1.7,3.5,0.5,0.1,0.9,1.4,3.9
Isaiah Livers,52,22,23.1,6.7,0.5,2.2,2.8,0.8,0.5,0.5,0.6,2.0,1.4
Rodney McGruder,32,12,16.4,5.7,0.6,1.7,2.3,0.9,0.5,0.0,0.3,1.2,2.5
Kevin Knox II,42,1,14.1,5.6,0.5,2.1,2.6,0.4,0.3,0.3,0.8,1.8,0.5
Jared Rhoden,14,0,14.1,3.2,0.8,1.9,2.6,0.3,0.3,0.1,0.2,1.6,1.3
Nerlens Noel,14,3,10.9,2.3,0.5,2.1,2.6,0.5,0.9,0.6,0.6,1.8,0.9
Stanley Umude,1,0,2.0,2.0,0.0,0.0,0.0,0.0,1.0,1.0,0.0,0.0,0.0
Buddy Boeheim,10,0,9.0,1.6,0.2,0.4,0.6,0.4,0.2,0.0,0.0,0.6,INF
Braxton Key,3,0,3.0,1.3,0.0,0.3,0.3,0.0,0.0,0.0,0.0,0.0,0.0
Jimmy Butler,64,64,33.4,22.9,2.2,3.7,5.9,5.3,1.8,0.3,1.6,1.3,3.4
Bam Adebayo,75,75,34.6,20.4,2.5,6.7,9.2,3.2,1.2,0.8,2.5,2.8,1.3
Tyler Herro,67,67,34.9,20.1,0.4,5.0,5.4,4.2,0.8,0.2,2.4,1.5,1.8
Max Strus,80,33,28.4,11.5,0.6,2.6,3.2,2.1,0.5,0.2,0.9,2.1,2.5
Kyle Lowry,55,44,31.2,11.2,0.8,3.3,4.1,5.1,1.0,0.4,1.9,2.6,2.7
Victor Oladipo,42,2,26.3,10.7,0.4,2.7,3.0,3.5,1.4,0.3,2.1,2.4,1.7
Caleb Martin,71,49,29.3,9.6,1.2,3.6,4.8,1.6,1.0,0.4,1.1,2.0,1.5
Gabe Vincent,68,34,25.9,9.4,0.4,1.7,2.1,2.5,0.9,0.1,1.4,2.3,1.8
Kevin Love,21,17,20.0,7.7,0.8,4.9,5.7,1.9,0.4,0.2,1.1,1.5,1.7
Cody Zeller,15,2,14.5,6.5,1.7,2.6,4.3,0.7,0.2,0.3,0.9,2.2,0.7
Duncan Robinson,42,1,16.4,6.4,0.2,1.5,1.6,1.1,0.3,0.0,0.7,1.8,1.6
Dewayne Dedmon,30,0,11.7,5.7,0.9,2.7,3.6,0.5,0.2,0.5,0.6,2.0,0.8
Nikola Jovic,15,8,13.6,5.5,0.6,1.5,2.1,0.7,0.5,0.1,0.7,1.3,1.0
Jamal Cain,18,0,13.3,5.4,0.8,2.1,2.9,0.7,0.6,0.1,0.3,1.2,2.0
Omer Yurtseven,9,0,9.2,4.4,0.9,1.7,2.6,0.2,0.2,0.2,0.4,1.8,0.5
Haywood Highsmith,54,11,17.9,4.4,1.1,2.4,3.5,0.8,0.7,0.3,0.8,1.5,1.0
Udonis Haslem,7,1,10.3,3.9,0.6,1.0,1.6,0.0,0.1,0.3,0.1,1.6,0.0
Jamaree Bouyea,4,0,16.3,3.8,0.3,1.0,1.3,1.0,1.0,0.5,1.0,1.3,1.0
Orlando Robinson,31,1,13.7,3.7,1.5,2.5,4.1,0.8,0.4,0.4,0.5,1.7,1.6
Dru Smith,5,1,13.4,2.2,0.2,1.6,1.8,1.0,0.8,0.6,0.2,2.0,5.0
【Joel Embiid】,66,66,34.6,33.1,1.7,8.4,10.2,4.2,1.0,1.7,3.4,3.1,1.2
James Harden,58,58,36.8,21.0,0.7,5.4,6.1,10.7,1.2,0.5,3.4,1.9,3.2
Tyrese Maxey,60,41,33.6,20.3,0.4,2.6,2.9,3.5,0.8,0.1,1.3,2.2,2.7
Louis King,1,0,29.0,20.0,2.0,2.0,4.0,2.0,1.0,0.0,2.0,4.0,1.0
Tobias Harris,74,74,32.9,14.7,0.9,4.8,5.7,2.5,0.9,0.5,1.2,2.0,2.1
Mac McClung,2,0,20.5,12.5,1.5,3.5,5.0,4.5,0.0,0.0,1.5,1.5,3.0
De'Anthony Melton,77,58,27.9,10.1,0.9,3.2,4.1,2.6,1.6,0.5,1.3,2.5,1.9
Shake Milton,76,11,20.6,8.4,0.5,2.0,2.5,3.2,0.3,0.2,1.2,1.6,2.6
Georges Niang,78,1,19.4,8.2,0.2,2.1,2.4,1.0,0.4,0.2,0.7,1.9,1.4
Jalen McDaniels,24,3,17.5,6.7,0.8,2.4,3.2,0.8,0.7,0.2,0.5,2.1,1.5
Montrezl Harrell,57,7,11.9,5.6,1.2,1.6,2.8,0.6,0.3,0.4,0.6,1.3,0.9
Danuel House Jr.,56,5,14.4,4.8,0.2,1.5,1.7,0.8,0.3,0.2,0.5,1.2,1.7
Paul Reed,69,2,10.9,4.2,1.6,2.2,3.8,0.4,0.7,0.7,0.7,1.8,0.6
Furkan Korkmaz,37,0,9.5,3.8,0.2,1.0,1.1,0.6,0.3,0.1,0.6,0.5,0.9
P.J. Tucker,75,75,25.6,3.5,1.3,2.7,3.9,0.8,0.5,0.2,0.6,2.4,1.4
Dewayne Dedmon,8,1,9.5,3.5,0.8,2.4,3.1,1.3,0.3,0.6,0.8,1.8,1.7
Saben Lee,2,0,5.0,3.0,0.0,0.0,0.0,1.0,0.5,0.0,1.5,0.5,0.7
Matisse Thybulle,49,6,12.1,2.7,0.4,0.9,1.3,0.5,0.9,0.3,0.2,1.3,2.9
Jaden Springer,16,2,5.6,2.6,0.4,0.5,0.9,0.5,0.4,0.2,0.2,0.9,2.7
Julian Champagnie,2,0,3.5,0.0,0.0,0.0,0.0,0.0,0.5,0.0,0.0,0.0,0.0
Michael Foster Jr.,1,0,1.0,0.0,0.0,0.0,0.0,0.0,0.0,0.0,0.0,0.0,0.0
Tyrese Haliburton,56,56,33.6,20.7,0.6,3.1,3.7,10.4,1.6,0.4,2.5,1.2,4.1
Myles Turner,62,62,29.4,18.0,1.4,6.1,7.5,1.4,0.6,2.3,1.7,3.5,0.9
Buddy Hield,80,73,31.0,16.8,0.8,4.2,5.0,2.8,1.2,0.3,1.7,2.0,1.6
Bennedict Mathurin,78,17,28.5,16.7,1.1,3.0,4.1,1.5,0.6,0.2,1.9,2.1,0.8
Jordan Nwora,24,11,24.6,13.0,0.9,3.8,4.7,2.1,0.5,0.3,1.3,1.7,1.6
Aaron Nesmith,73,60,24.9,10.1,0.8,2.9,3.8,1.3,0.8,0.5,1.0,3.2,1.3
Andrew Nembhard,75,63,27.7,9.5,0.5,2.2,2.7,4.5,0.9,0.2,1.7,2.4,2.7
Jalen Smith,68,31,18.8,9.4,1.9,3.9,5.8,1.0,0.3,0.9,1.1,2.3,0.9
T.J. McConnell,75,6,20.3,8.7,0.6,2.5,3.1,5.3,1.1,0.1,1.9,1.4,2.8
Gabe York,3,0,18.7,8.0,0.0,2.0,2.0,1.7,0.7,0.0,0.0,1.7,INF
Chris Duarte,46,12,19.5,7.9,0.4,2.1,2.5,1.4,0.5,0.2,0.9,1.4,1.6
Isaiah Jackson,63,12,16.5,7.2,1.8,2.7,4.5,0.8,0.5,1.5,0.8,2.4,1.0
Daniel Theis,7,1,15.6,7.0,1.0,2.1,3.1,1.3,0.3,0.9,0.4,1.0,3.0
Oshae Brissett,65,2,16.7,6.1,1.0,2.4,3.4,0.7,0.5,0.2,0.5,1.2,1.3
George Hill,11,1,15.1,5.2,0.2,1.5,1.6,1.9,0.6,0.3,0.6,1.3,3.0
Goga Bitadze,21,0,9.6,3.3,1.2,1.1,2.3,0.9,0.4,0.5,0.6,1.6,1.5
Trevelin Queen,7,0,10.0,3.0,1.1,1.3,2.4,0.9,0.3,0.7,1.0,0.6,0.9
James Johnson,18,1,9.0,2.8,0.2,1.4,1.7,0.8,0.4,0.3,0.4,1.8,1.9
Terry Taylor,26,2,8.8,2.7,0.8,0.7,1.5,0.4,0.1,0.2,0.3,0.9,1.1
Kendall Brown,6,0,6.7,1.5,0.3,0.7,1.0,0.5,0.7,0.0,0.3,1.5,1.5
Paolo Banchero,72,72,33.8,20.0,1.2,5.7,6.9,3.7,0.8,0.5,2.8,2.2,1.3
Franz Wagner,80,80,32.6,18.6,0.9,3.2,4.1,3.5,1.0,0.2,2.1,2.3,1.7
Wendell Carter Jr.,57,54,29.6,15.2,2.1,6.6,8.7,2.3,0.5,0.6,1.9,2.8,1.2
Markelle Fultz,60,60,29.6,14.0,1.2,2.8,3.9,5.7,1.5,0.4,2.3,2.2,2.5
Cole Anthony,60,4,25.9,13.0,0.8,4.0,4.8,3.9,0.6,0.5,1.5,2.6,2.6
Moritz Wagner,57,18,19.5,10.5,1.2,3.3,4.5,1.5,0.6,0.2,1.2,2.4,1.2
Jalen Suggs,53,19,23.5,9.9,1.0,2.0,3.0,2.9,1.3,0.5,1.8,2.3,1.6
Bol Bol,70,33,21.5,9.1,1.0,4.8,5.8,1.0,0.4,1.2,1.6,1.3,0.6
Gary Harris,48,42,24.7,8.3,0.4,1.6,2.0,1.2,0.9,0.3,0.6,1.9,2.1
Terrence Ross,42,9,22.5,8.0,0.2,1.8,2.0,1.3,0.6,0.2,0.9,1.3,1.5
Mo Bamba,40,6,17.0,7.3,1.2,3.4,4.6,1.1,0.3,1.0,0.6,2.2,1.9
Jay Scrubb,2,0,15.0,6.5,0.0,3.0,3.0,0.5,1.0,0.0,1.5,1.0,0.3
Goga Bitadze,17,1,15.0,5.8,2.1,3.1,5.2,1.2,0.4,0.9,0.6,1.8,2.1
R.J. Hampton,26,0,13.9,5.7,0.3,1.2,1.5,1.3,0.6,0.2,0.8,0.8,1.6
Jonathan Isaac,11,0,11.3,5.0,1.4,2.6,4.0,0.5,1.3,0.4,0.4,0.5,1.5
Chuma Okeke,27,8,19.2,4.7,1.0,2.6,3.6,1.4,0.7,0.4,0.6,1.5,2.2
Michael Carter-Williams,4,0,11.0,4.3,0.3,1.0,1.3,1.8,0.3,0.3,1.0,1.3,1.8
Admiral Schofield,37,0,12.2,4.2,0.6,1.1,1.7,0.8,0.2,0.1,0.4,1.6,1.9
Kevon Harris,34,0,13.4,4.1,0.8,1.2,2.1,0.5,0.5,0.1,0.6,1.6,0.8
Caleb Houstan,51,4,15.9,3.8,0.7,1.3,1.9,0.6,0.2,0.1,0.4,1.2,1.7
Pascal Siakam,71,71,37.4,24.2,1.8,6.0,7.8,5.8,0.9,0.5,2.4,3.2,2.5
Fred VanVleet,69,69,36.7,19.3,0.4,3.6,4.1,7.2,1.8,0.6,2.0,2.8,3.5
Gary Trent Jr.,66,44,32.1,17.4,0.5,2.2,2.6,1.6,1.6,0.2,0.8,1.5,1.9
O.G. Anunoby,67,67,35.6,16.8,1.4,3.5,5.0,2.0,1.9,0.7,2.0,3.0,1.0
Scottie Barnes,77,76,34.8,15.3,2.3,4.3,6.6,4.8,1.1,0.8,2.0,2.2,2.4
Jakob Poeltl,26,25,27.2,13.1,3.2,5.9,9.1,2.2,1.2,1.3,1.1,3.0,1.9
Chris Boucher,76,0,20.0,9.4,2.1,3.5,5.5,0.4,0.6,0.8,0.5,1.9,0.7
Precious Achiuwa,55,12,20.7,9.2,1.8,4.1,6.0,0.9,0.6,0.5,1.1,1.9,0.8
Otto Porter Jr.,8,2,18.3,5.5,0.8,1.6,2.4,1.0,1.4,0.0,0.5,0.9,2.0
Malachi Flynn,53,2,13.0,4.6,0.3,1.2,1.4,1.3,0.4,0.1,0.5,1.2,2.8
Dalano Banton,31,2,9.0,4.6,0.4,1.1,1.5,1.2,0.4,0.4,0.6,1.1,2.0
Will Barton,16,2,13.2,4.5,0.3,1.3,1.6,1.1,0.7,0.2,0.2,1.1,5.7
Thaddeus Young,54,9,14.7,4.4,1.3,1.8,3.1,1.4,1.0,0.1,0.8,1.6,1.8
Christian Koloko,58,19,13.8,3.1,1.4,1.5,2.9,0.5,0.4,1.0,0.3,2.2,1.6
Juancho Hernangomez,42,10,14.6,2.9,0.6,2.3,2.9,0.6,0.4,0.1,0.4,1.0,1.7
Jeff Dowtin Jr.,25,0,10.4,2.4,0.2,0.7,0.9,1.2,0.4,0.1,0.2,0.5,6.2
Ron Harper Jr.,9,0,5.3,2.2,0.3,0.4,0.8,0.4,0.0,0.1,0.0,0.3,INF
Khem Birch,20,0,8.1,2.2,0.4,0.9,1.3,0.4,0.3,0.3,0.4,1.2,0.9
Justin Champagnie,3,0,3.7,2.0,0.3,1.0,1.3,0.3,0.0,0.0,0.0,0.3,INF
Joe Wieskamp,9,0,5.6,1.0,0.0,0.4,0.4,0.3,0.0,0.0,0.1,0.3,3.0
【Giannis Antetokounmpo】,63,63,32.1,31.1,2.2,9.6,11.8,5.7,0.8,0.8,3.9,3.1,1.5
Jrue Holiday,67,65,32.6,19.3,1.2,3.9,5.1,7.4,1.2,0.4,2.9,1.7,2.5
Brook Lopez,78,78,30.4,15.9,2.0,4.7,6.7,1.3,0.5,2.5,1.4,2.6,0.9
Khris Middleton,33,19,24.3,15.1,0.8,3.4,4.2,4.9,0.7,0.2,2.2,2.1,2.3
Bobby Portis,70,22,26.0,14.1,2.2,7.4,9.6,1.5,0.4,0.2,1.2,1.6,1.3
Grayson Allen,72,70,27.4,10.4,0.8,2.4,3.3,2.3,0.9,0.2,1.0,1.6,2.3
Jevon Carter,81,39,22.4,8.0,0.4,2.1,2.5,2.4,0.8,0.4,1.0,2.0,2.5
Pat Connaughton,61,33,23.7,7.6,0.8,3.8,4.6,1.3,0.6,0.2,0.5,1.1,2.3
Lindell Wigginton,7,1,12.4,7.1,0.0,1.0,1.0,2.0,0.0,0.3,1.7,1.0,1.2
Joe Ingles,46,0,22.7,6.9,0.3,2.5,2.8,3.3,0.7,0.1,1.2,1.6,2.7
Jae Crowder,18,3,18.9,6.9,0.9,2.9,3.8,1.5,0.7,0.3,0.4,1.5,3.9
Jordan Nwora,38,3,15.7,6.0,0.8,2.3,3.1,1.0,0.3,0.2,0.9,0.9,1.1
Goran Dragic,7,0,11.9,5.6,0.4,1.3,1.7,1.7,0.3,0.0,1.0,0.3,1.7
MarJon Beauchamp,52,11,13.5,5.1,0.7,1.5,2.2,0.7,0.4,0.1,0.9,1.3,0.8
George Hill,35,0,19.1,5.0,0.4,1.5,1.9,2.5,0.5,0.1,0.8,1.2,3.3
Meyers Leonard,9,2,12.7,4.8,1.3,2.4,3.8,0.1,0.2,0.0,0.7,1.8,0.2
AJ Green,35,1,9.9,4.4,0.2,1.1,1.3,0.6,0.2,0.0,0.3,0.9,2.4
Serge Ibaka,16,0,11.6,4.1,0.9,1.8,2.8,0.3,0.1,0.4,0.7,1.4,0.4
Wesley Matthews,52,0,15.8,3.4,0.7,1.5,2.2,0.7,0.4,0.3,0.3,1.4,1.9
Sandro Mamukelashvili,24,0,9.0,2.4,0.8,1.6,2.3,0.7,0.2,0.2,0.4,0.8,1.8
Thanasis Antetokounmpo,37,0,5.6,1.4,0.4,0.8,1.2,0.4,0.1,0.1,0.3,0.6,1.3
Bradley Beal,50,50,33.5,23.2,0.8,3.1,3.9,5.4,0.9,0.7,2.9,2.1,1.9
Kristaps Porzingis,65,65,32.6,23.2,1.8,6.6,8.4,2.7,0.9,1.5,2.1,3.0,1.3
Kyle Kuzma,64,64,35.0,21.2,0.9,6.4,7.2,3.7,0.6,0.5,3.0,2.3,1.3
Rui Hachimura,30,0,24.3,13.0,0.6,3.6,4.3,1.2,0.4,0.4,1.2,1.3,1.0
Corey Kispert,74,45,28.3,11.1,0.4,2.4,2.8,1.2,0.4,0.1,0.7,1.3,1.6
Monte Morris,62,61,27.4,10.3,0.4,3.0,3.4,5.3,0.7,0.2,1.0,1.2,5.4
Deni Avdija,76,40,26.6,9.2,1.0,5.4,6.4,2.8,0.9,0.4,1.6,2.8,1.7
Daniel Gafford,78,47,20.6,9.0,2.1,3.5,5.6,1.1,0.4,1.3,1.1,2.4,1.0
Will Barton,40,0,19.6,7.7,0.3,2.5,2.8,2.4,0.4,0.3,1.1,1.0,2.1
Kendrick Nunn,31,0,14.1,7.5,0.3,1.4,1.7,1.8,0.5,0.1,1.1,1.0,1.6
Delon Wright,50,14,24.4,7.4,1.2,2.4,3.6,3.9,1.8,0.3,0.9,1.2,4.4
Jay Huff,7,0,13.6,7.3,0.9,2.1,3.0,1.4,0.4,0.6,0.7,2.1,2.0
Jordan Goodwin,62,7,17.8,6.6,0.9,2.4,3.3,2.7,0.9,0.4,0.9,1.5,2.9
Quenton Jackson,9,0,15.0,6.2,0.2,0.7,0.9,1.7,0.4,0.1,0.4,1.1,3.8
Johnny Davis,28,5,15.1,5.8,0.3,1.9,2.3,1.0,0.4,0.3,0.6,1.7,1.8
Xavier Cooks,10,1,12.6,3.8,1.6,2.2,3.8,0.6,0.6,0.4,0.8,1.3,0.8
Taj Gibson,49,2,9.8,3.4,0.7,1.2,1.9,0.7,0.3,0.2,0.5,1.7,1.3
Anthony Gill,59,8,10.6,3.3,0.6,1.1,1.7,0.6,0.1,0.2,0.3,1.2,2.3
Jordan Schakel,2,0,3.0,1.5,0.0,0.0,0.0,0.5,0.5,0.0,0.0,0.5,INF
Isaiah Todd,6,1,10.2,1.5,0.3,1.7,2.0,0.7,0.2,0.0,0.3,0.7,2.0
Vernon Carey Jr.,11,0,2.5,0.5,0.3,0.7,1.0,0.3,0.2,0.2,0.2,0.5,1.5
Devon Dotson,6,0,8.8,0.5,1.0,0.7,1.7,1.3,0.8,0.0,0.5,1.5,2.7
Jamaree Bouyea,1,0,6.0,0.0,0.0,1.0,1.0,0.0,0.0,0.0,0.0,1.0,0.0
【Nikola Jokic】,69,69,33.7,24.5,2.4,9.4,11.8,9.8,1.3,0.7,3.6,2.5,2.7
Jamal Murray,65,65,32.8,20.0,0.7,3.2,4.0,6.2,1.0,0.2,2.2,1.6,2.8
Michael Porter Jr.,62,62,29.0,17.4,1.0,4.5,5.5,1.0,0.6,0.5,1.1,1.9,1.0
Aaron Gordon,68,68,30.2,16.3,2.4,4.1,6.6,3.0,0.8,0.8,1.4,1.9,2.1
Bones Hyland,42,1,19.5,12.1,0.2,1.8,2.0,3.0,0.7,0.3,1.6,1.6,1.9
Bruce Brown,80,31,28.5,11.5,0.8,3.3,4.1,3.4,1.1,0.6,1.5,2.4,2.2
Kentavious Caldwell-Pope,76,76,31.3,10.8,0.5,2.3,2.7,2.4,1.5,0.5,1.1,1.9,2.1
Reggie Jackson,16,2,19.9,7.9,0.2,1.6,1.8,3.1,0.6,0.1,1.2,1.4,2.6
Jeff Green,56,4,19.5,7.8,0.7,1.9,2.6,1.2,0.3,0.3,0.8,1.8,1.5
Zeke Nnaji,53,5,13.7,5.2,1.2,1.4,2.6,0.3,0.3,0.4,0.6,2.0,0.6
DeAndre Jordan,39,8,15.0,5.1,1.3,3.8,5.2,0.9,0.3,0.6,1.2,1.8,0.7
Vlatko Cancar,60,9,14.8,5.0,0.4,1.7,2.1,1.3,0.4,0.2,0.6,1.4,2.2
Christian Braun,76,6,15.5,4.7,0.6,1.8,2.4,0.8,0.5,0.2,0.5,1.3,1.7
Thomas Bryant,18,1,11.4,4.6,1.1,2.3,3.3,0.1,0.1,0.4,0.6,1.4,0.2
Peyton Watson,23,2,8.1,3.3,0.3,1.3,1.6,0.5,0.1,0.5,0.3,0.6,1.4
Ish Smith,43,0,9.3,2.5,0.1,1.1,1.3,2.3,0.2,0.2,1.0,0.8,2.3
Davon Reed,35,1,9.0,2.3,0.3,1.3,1.6,0.5,0.4,0.1,0.6,1.0,1.0
Jack White,17,0,3.9,1.2,0.4,0.6,1.0,0.2,0.2,0.1,0.1,0.5,2.0
【Stephen Curry】,56,56,34.7,29.4,0.7,5.4,6.1,6.3,0.9,0.4,3.2,2.1,2.0
Klay Thompson,69,69,33.0,21.9,0.6,3.6,4.1,2.4,0.7,0.4,1.8,1.9,1.3
Jordan Poole,82,43,30.0,20.4,0.4,2.4,2.7,4.5,0.8,0.3,3.1,2.6,1.5
Andrew Wiggins,37,37,32.2,17.1,1.6,3.4,5.0,2.3,1.2,0.8,1.3,2.9,1.8
Jonathan Kuminga,67,16,20.8,9.9,1.0,2.4,3.4,1.9,0.6,0.5,1.4,2.3,1.3
Donte DiVincenzo,72,36,26.3,9.4,1.1,3.4,4.5,3.5,1.3,0.1,1.6,1.8,2.3
Draymond Green,73,73,31.5,8.5,0.9,6.3,7.2,6.8,1.0,0.8,2.8,3.1,2.5
Kevon Looney,82,70,23.9,7.0,3.3,5.9,9.3,2.5,0.6,0.6,0.5,2.7,4.6
James Wiseman,21,0,12.5,6.9,0.9,2.6,3.5,0.7,0.1,0.3,0.7,1.9,1.0
Ty Jerome,45,2,18.1,6.9,0.2,1.6,1.7,3.0,0.5,0.1,0.7,1.4,4.5
Anthony Lamb,62,4,19.3,6.7,0.9,2.6,3.5,1.5,0.5,0.3,0.9,2.2,1.8
JaMychal Green,57,1,14.0,6.4,1.3,2.3,3.6,0.9,0.4,0.4,0.9,1.8,1.0
Gary Payton II,7,0,16.0,5.7,2.0,2.3,4.3,1.1,0.9,0.6,0.6,2.0,2.0
Moses Moody,63,3,13.0,4.8,0.4,1.2,1.7,0.8,0.3,0.1,0.5,0.9,1.5
Patrick Baldwin Jr.,31,0,7.3,3.9,0.0,1.3,1.3,0.4,0.2,0.1,0.4,0.5,1.0
Lester Quinones,4,0,4.5,2.5,0.3,0.5,0.8,0.5,0.3,0.0,1.3,0.0,0.4
Andre Iguodala,8,0,14.1,2.1,0.4,1.8,2.1,2.4,0.5,0.4,1.1,1.4,2.1
Ryan Rollins,12,0,5.2,1.9,0.3,0.8,1.0,0.5,0.1,0.1,1.3,0.8,0.4
【Luka Doncic】,66,66,36.2,32.4,0.8,7.8,8.6,8.0,1.4,0.5,3.6,2.5,2.2
Kyrie Irving,20,20,38.2,27.0,1.1,4.0,5.0,6.0,1.3,0.6,1.9,2.8,3.2
Spencer Dinwiddie,53,53,34.1,17.7,0.4,2.7,3.1,5.3,0.7,0.3,1.7,2.3,3.1
Christian Wood,67,17,25.9,16.6,1.3,6.0,7.3,1.8,0.4,1.1,1.8,2.5,1.0
Tim Hardaway Jr.,71,45,30.3,14.4,0.3,3.2,3.5,1.8,0.7,0.2,0.8,1.7,2.2
Dorian Finney-Smith,40,40,32.2,9.1,1.7,3.0,4.7,1.5,1.0,0.5,0.9,2.0,1.6
Josh Green,60,21,25.7,9.1,0.9,2.1,3.0,1.7,0.7,0.1,1.2,2.6,1.4
Jaden Hardy,48,5,14.8,8.8,0.2,1.6,1.9,1.4,0.4,0.1,1.0,1.3,1.4
Kemba Walker,9,1,16.0,8.0,0.3,1.4,1.8,2.1,0.2,0.2,0.4,1.2,4.8
Reggie Bullock Jr.,78,55,30.3,7.2,0.4,3.2,3.6,1.4,0.7,0.2,0.5,2.1,2.9
Dwight Powell,76,64,19.2,6.7,2.0,2.2,4.1,0.9,0.6,0.3,0.9,2.8,1.1
Maxi Kleber,37,5,25.1,5.9,0.8,2.8,3.6,1.4,0.3,0.8,0.7,2.3,1.9
Davis Bertans,45,1,10.9,4.6,0.2,1.0,1.2,0.5,0.2,0.2,0.2,1.2,2.1
Markieff Morris,8,1,8.8,4.5,0.0,1.5,1.5,0.8,0.1,0.0,0.5,1.9,1.5
JaVale McGee,42,7,8.5,4.4,0.7,1.8,2.5,0.3,0.1,0.6,0.9,1.3,0.3
Justin Holiday,18,2,16.4,4.4,0.2,1.6,1.8,0.9,0.8,0.5,0.6,1.7,1.6
McKinley Wright IV,27,1,12.4,4.2,0.3,1.4,1.7,2.1,0.3,0.2,0.7,0.9,3.1
A.J. Lawson,14,0,7.6,3.9,0.4,1.0,1.4,0.1,0.1,0.0,0.2,0.7,0.7
Tyler Dorsey,3,0,2.7,3.0,0.3,0.3,0.7,0.0,0.0,0.0,0.0,0.0,0.0
Frank Ntilikina,47,5,12.9,2.9,0.1,1.2,1.3,1.2,0.3,0.1,0.6,1.4,2.0
Theo Pinson,40,1,8.1,2.4,0.3,1.3,1.6,1.2,0.2,0.0,0.3,0.9,3.8
Chris Silva,1,0,3.0,2.0,0.0,0.0,0.0,0.0,0.0,0.0,1.0,2.0,0.0
Facundo Campazzo,8,0,6.5,1.3,0.0,0.3,0.3,1.1,0.8,0.0,0.4,0.4,3.0
Anthony Edwards,79,79,36.0,24.6,0.6,5.2,5.8,4.4,1.6,0.7,3.3,2.4,1.4
Karl-Anthony Towns,29,29,33.0,20.8,1.7,6.5,8.1,4.8,0.7,0.6,3.0,3.8,1.6
D'Angelo Russell,54,54,32.9,17.9,0.5,2.5,3.1,6.2,1.1,0.4,2.7,2.2,2.3
Mike Conley,24,24,31.4,14.0,0.7,2.5,3.1,5.0,1.2,0.2,1.2,1.9,4.1
Rudy Gobert,70,70,30.7,13.4,3.3,8.3,11.6,1.2,0.8,1.4,1.7,3.0,0.7
Jaden McDaniels,79,79,30.6,12.1,1.2,2.7,3.9,1.9,0.9,1.0,1.4,3.4,1.3
Naz Reid,68,11,18.4,11.5,1.1,3.8,4.9,1.1,0.6,0.8,1.4,2.6,0.8
Jaylen Nowell,65,2,19.3,10.8,0.6,2.1,2.6,2.0,0.6,0.1,1.0,1.6,2.0
Kyle Anderson,69,46,28.4,9.4,1.0,4.4,5.3,4.9,1.1,0.9,1.5,2.1,3.3
Taurean Prince,54,4,22.1,9.1,0.3,2.2,2.4,1.6,0.5,0.3,1.3,2.3,1.2
Luka Garza,28,0,8.7,6.5,1.2,1.1,2.3,0.6,0.1,0.1,0.5,1.5,1.3
Nickeil Alexander-Walker,23,0,15.5,5.9,0.3,1.5,1.8,1.4,0.3,0.3,0.4,1.3,3.2
Austin Rivers,52,10,19.5,4.9,0.1,1.5,1.6,1.4,0.5,0.1,0.4,1.5,3.3
Jordan McLaughlin,43,0,15.8,3.7,0.3,1.1,1.4,3.4,0.7,0.1,0.8,0.7,4.5
Nathan Knight,38,0,7.7,3.7,0.6,0.9,1.5,0.3,0.3,0.2,0.6,1.1,0.6
Bryn Forbes,25,0,10.7,3.6,0.2,0.4,0.6,0.7,0.3,0.1,0.5,0.9,1.4
Matt Ryan,22,0,8.2,3.4,0.1,0.5,0.5,0.5,0.1,0.0,0.2,0.6,3.0
Josh Minott,15,0,6.4,3.1,0.3,1.3,1.7,0.3,0.3,0.4,0.2,0.7,1.7
A.J. Lawson,1,0,2.0,2.0,0.0,1.0,1.0,0.0,0.0,0.0,0.0,1.0,0.0
Wendell Moore Jr.,29,2,5.3,1.4,0.1,0.5,0.6,0.6,0.3,0.2,0.3,0.4,2.3
Kawhi Leonard,52,50,33.6,23.8,1.1,5.4,6.5,3.9,1.4,0.5,1.7,1.6,2.3
Paul George,56,56,34.6,23.8,0.8,5.3,6.1,5.1,1.5,0.4,3.1,2.8,1.6
Norman Powell,60,8,26.1,17.0,0.4,2.5,2.9,1.8,0.8,0.3,1.7,2.1,1.1
Russell Westbrook,21,21,30.2,15.8,1.4,3.4,4.9,7.6,1.1,0.5,3.4,2.0,2.3
John Wall,34,3,22.2,11.4,0.4,2.3,2.7,5.2,0.8,0.4,2.4,1.7,2.2
Marcus Morris Sr.,65,65,28.1,11.2,0.4,3.5,4.0,1.8,0.6,0.3,0.9,2.1,2.0
Eric Gordon,22,11,24.9,11.0,0.2,1.5,1.7,2.1,0.6,0.4,1.0,1.5,2.2
Reggie Jackson,52,38,25.7,10.9,0.4,1.8,2.2,3.5,0.7,0.1,1.8,1.8,1.9
Bones Hyland,14,0,18.9,10.8,0.7,2.8,3.5,3.4,0.8,0.1,1.1,2.1,3.1
Ivica Zubac,76,76,28.5,10.8,3.1,6.8,9.9,1.0,0.4,1.3,1.5,2.9,0.7
Terance Mann,81,36,23.1,8.8,1.0,2.5,3.4,2.3,0.5,0.3,1.0,1.8,2.3
Luke Kennard,35,11,20.7,7.8,0.2,2.2,2.4,1.1,0.5,0.1,0.9,1.3,1.2
Mason Plumlee,23,4,19.9,7.5,1.8,5.1,6.9,1.7,0.5,0.5,1.3,2.4,1.3
Brandon Boston Jr.,22,1,11.3,6.5,0.3,1.0,1.4,0.9,0.4,0.0,0.5,1.0,1.7
Nicolas Batum,78,19,21.9,6.1,0.8,3.0,3.8,1.6,0.7,0.6,0.6,1.9,2.4
Robert Covington,48,0,16.2,6.0,0.6,2.8,3.5,1.2,0.8,0.7,0.7,1.8,1.8
Moses Brown,34,1,8.5,4.6,1.7,2.4,4.1,0.1,0.1,0.4,0.4,1.1,0.3
Amir Coffey,50,9,12.5,3.4,0.3,0.7,1.1,1.1,0.1,0.1,0.4,1.0,2.5
Jason Preston,14,0,8.9,2.9,0.1,1.4,1.6,1.9,0.1,0.0,0.7,0.5,2.7
Moussa Diabate,22,1,8.9,2.7,1.4,0.9,2.3,0.2,0.3,0.4,0.4,0.7,0.4
Xavier Moon,4,0,5.0,1.8,0.0,0.8,0.8,1.3,0.0,0.0,0.3,0.5,5.0
Jalen Green,76,76,34.2,22.1,0.6,3.2,3.7,3.7,0.8,0.2,2.6,1.7,1.4
Kevin Porter Jr.,59,59,34.3,19.2,1.3,4.0,5.3,5.7,1.4,0.3,3.2,2.6,1.8
Alperen Sengun,75,72,28.9,14.8,3.2,5.8,9.0,3.9,0.9,0.9,2.6,3.4,1.5
Eric Gordon,47,47,30.2,13.1,0.3,1.8,2.1,2.9,0.6,0.4,1.8,1.0,1.6
Jabari Smith Jr.,79,79,31.0,12.8,1.5,5.7,7.2,1.3,0.5,0.9,1.3,2.9,1.0
KJ Martin,82,49,28.0,12.7,1.5,4.0,5.5,1.5,0.5,0.4,1.1,1.8,1.4
Tari Eason,82,5,21.5,9.3,2.4,3.7,6.0,1.1,1.2,0.6,1.2,2.3,0.9
Jae'Sean Tate,31,7,21.8,9.1,1.3,2.5,3.8,2.7,0.7,0.2,1.5,3.4,1.8
Josh Christopher,64,2,12.3,5.8,0.3,0.8,1.1,1.1,0.5,0.2,0.9,0.9,1.2
Garrison Mathews,45,0,13.4,4.8,0.2,1.2,1.4,0.5,0.5,0.1,0.4,1.2,1.3
TyTy Washington Jr.,31,2,14.0,4.7,0.1,1.4,1.5,1.5,0.5,0.1,0.5,0.9,3.4
Bruno Fernando,31,4,11.7,4.1,1.5,2.4,3.9,1.0,0.2,1.0,0.6,2.2,1.5
Daishen Nix,57,7,16.0,4.0,0.3,1.4,1.7,2.3,0.5,0.1,1.5,1.0,1.5
Darius Days,4,0,6.3,3.8,0.3,1.3,1.5,0.3,0.0,0.3,0.0,0.5,INF
Boban Marjanovic,31,0,5.5,3.3,0.6,1.3,1.9,0.3,0.2,0.1,0.5,0.3,0.6
Usman Garuba,75,1,12.9,3.0,1.6,2.5,4.1,0.9,0.6,0.4,0.6,1.8,1.4
Frank Kaminsky,10,0,5.9,1.8,0.4,1.2,1.6,1.1,0.1,0.3,0.0,0.1,INF
Trevor Hudgins,5,0,5.6,1.8,0.0,0.0,0.0,0.6,0.0,0.0,0.2,0.2,3.0
Shai Gilgeous-Alexander,68,68,35.5,31.4,0.9,4.0,4.8,5.5,1.6,1.0,2.8,2.8,1.9
Josh Giddey,76,76,31.1,16.6,1.9,5.9,7.9,6.2,0.8,0.4,2.8,1.9,2.2
Jalen Williams,75,62,30.3,14.1,1.1,3.4,4.5,3.3,1.4,0.5,1.6,2.5,2.0
Luguentz Dort,74,73,30.7,13.7,1.7,2.9,4.6,2.1,1.0,0.3,1.2,3.3,1.7
Isaiah Joe,73,10,19.1,9.5,0.4,2.0,2.4,1.2,0.7,0.1,0.5,1.4,2.3
Aleksej Pokusevski,34,25,20.6,8.1,1.3,3.4,4.7,1.9,0.6,1.3,1.3,1.7,1.5
Kenrich Williams,53,10,22.8,8.0,1.8,3.1,4.9,2.0,0.8,0.3,0.6,2.1,3.3
Tre Mann,67,5,17.7,7.7,0.4,1.9,2.3,1.8,0.6,0.2,0.9,1.5,1.9
Dario Saric,20,0,13.7,7.4,0.7,2.6,3.3,0.9,0.4,0.1,1.0,1.5,0.9
Aaron Wiggins,70,14,18.5,6.8,1.0,2.0,3.0,1.1,0.6,0.2,0.8,1.6,1.4
Jeremiah Robinson-Earl,43,20,18.9,6.8,1.7,2.5,4.2,1.0,0.6,0.3,0.4,1.7,2.3
Jared Butler,6,1,12.8,6.2,0.2,0.5,0.7,1.3,0.8,0.0,0.8,0.8,1.6
Mike Muscala,43,5,14.5,6.2,0.5,2.6,3.1,0.9,0.3,0.4,0.3,1.6,2.7
Jaylin Williams,49,36,18.7,5.9,0.9,4.0,4.9,1.6,0.6,0.2,0.8,2.3,2.1
Darius Bazley,36,1,15.4,5.4,0.8,2.6,3.4,0.9,0.5,0.8,0.6,1.0,1.5
Lindy Waters III,41,0,13.0,5.2,0.4,1.4,1.8,0.7,0.3,0.3,0.2,1.0,2.8
Ousmane Dieng,39,1,14.6,4.9,0.5,2.2,2.7,1.2,0.4,0.2,0.7,1.1,1.8
Eugene Omoruyi,23,2,11.8,4.9,1.0,1.3,2.3,0.5,0.6,0.0,0.7,2.0,0.7
Olivier Sarr,9,1,12.7,4.0,1.3,2.1,3.4,0.4,0.1,0.6,0.4,1.9,1.0
【LeBron James】,55,54,35.5,28.9,1.2,7.1,8.3,6.8,0.9,0.6,3.2,1.6,2.1
Anthony Davis,56,54,34.0,25.9,3.5,9.1,12.5,2.6,1.1,2.0,2.2,2.6,1.2
D'Angelo Russell,17,17,30.9,17.4,0.4,2.5,2.9,6.1,0.6,0.5,2.3,1.4,2.6
Russell Westbrook,52,3,28.7,15.9,1.1,5.0,6.2,7.5,1.0,0.4,3.5,2.3,2.1
Austin Reaves,64,22,28.8,13.0,0.5,2.5,3.0,3.4,0.5,0.3,1.5,1.7,2.2
Dennis Schroder,66,50,30.1,12.6,0.3,2.2,2.5,4.5,0.8,0.2,1.7,2.2,2.7
Thomas Bryant,41,25,21.4,12.1,1.6,5.2,6.8,0.7,0.3,0.6,0.7,1.9,1.0
Lonnie Walker IV,56,32,23.2,11.7,0.3,1.7,1.9,1.1,0.5,0.3,0.8,1.3,1.4
Malik Beasley,26,14,23.9,11.1,0.3,3.0,3.3,1.2,0.8,0.0,1.2,1.2,1.0
Rui Hachimura,33,9,22.4,9.6,1.0,3.7,4.7,0.7,0.2,0.4,0.5,1.0,1.4
Jarred Vanderbilt,26,24,24.0,7.2,1.9,4.8,6.7,1.6,1.2,0.2,1.1,2.2,1.4
Troy Brown Jr.,76,45,24.5,7.1,0.8,3.2,4.1,1.3,0.8,0.2,0.6,1.6,1.9
Kendrick Nunn,39,2,13.5,6.7,0.1,1.3,1.4,0.9,0.3,0.1,0.8,0.9,1.1
Patrick Beverley,45,45,26.9,6.4,0.5,2.6,3.1,2.6,0.9,0.6,0.9,2.8,2.8
Wenyen Gabriel,68,2,15.1,5.5,1.7,2.5,4.2,0.5,0.4,0.5,0.7,2.1,0.8
Matt Ryan,12,0,10.8,3.9,0.2,1.0,1.2,0.3,0.2,0.0,0.3,1.2,1.3
Mo Bamba,9,1,9.8,3.7,1.2,3.3,4.6,0.4,0.1,0.6,0.9,2.1,0.5
Max Christie,41,3,12.5,3.1,0.2,1.7,1.8,0.5,0.2,0.2,0.3,0.8,1.6
Juan Toscano-Anderson,30,7,12.2,2.7,0.5,1.6,2.0,0.8,0.3,0.2,0.6,1.5,1.5
Damian Jones,22,1,8.0,2.5,0.8,1.7,2.5,0.2,0.1,0.5,0.4,0.8,0.4
Scotty Pippen Jr.,6,0,5.3,2.3,0.3,0.3,0.7,0.3,0.3,0.2,0.3,0.5,1.0
Cole Swider,7,0,5.9,1.3,0.1,0.9,1.0,0.6,0.0,0.0,0.0,0.4,INF
Davon Reed,8,0,3.4,1.0,0.1,0.4,0.5,0.5,0.3,0.0,0.0,0.4,INF
Sterling Brown,4,0,6.0,0.0,0.8,1.3,2.0,0.5,0.8,0.0,0.0,1.0,INF
【Ja Morant】,61,59,31.9,26.2,1.0,4.9,5.9,8.1,1.1,0.3,3.4,1.6,2.4
Desmond Bane,58,58,31.7,21.5,0.7,4.3,5.0,4.4,1.0,0.4,2.2,2.6,2.0
Jaren Jackson Jr.,63,63,28.4,18.6,1.7,5.0,6.8,1.0,1.0,3.0,1.7,3.6,0.6
Dillon Brooks,73,73,30.3,14.3,0.6,2.7,3.3,2.6,0.9,0.2,1.4,3.3,1.8
Luke Kennard,24,3,24.6,11.3,0.4,2.8,3.1,2.3,0.5,0.0,0.7,1.5,3.4
Tyus Jones,80,22,24.2,10.3,0.4,2.2,2.5,5.2,1.0,0.1,0.9,0.4,5.6
Brandon Clarke,56,8,19.5,10.0,1.6,3.9,5.5,1.3,0.6,0.7,1.0,2.3,1.3
Santi Aldama,77,20,21.8,9.0,1.1,3.7,4.8,1.3,0.6,0.6,0.8,1.9,1.6
Steven Adams,42,42,27.0,8.6,5.1,6.5,11.5,2.3,0.9,1.1,1.9,2.3,1.2
Xavier Tillman,61,29,19.3,7.0,2.0,3.0,5.0,1.6,1.0,0.5,0.7,1.6,2.2
David Roddy,70,4,18.0,6.7,0.7,2.0,2.8,0.8,0.4,0.3,0.8,1.5,1.0
Ziaire Williams,37,4,15.2,5.7,0.4,1.7,2.1,0.9,0.4,0.2,1.0,1.6,0.9
John Konchar,72,23,20.8,5.1,0.9,3.4,4.3,1.4,1.1,0.3,0.5,1.6,2.7
Kenneth Lofton Jr.,24,1,7.3,5.0,0.8,1.3,2.1,0.8,0.2,0.1,0.5,1.2,1.7
Danny Green,3,0,14.3,3.0,0.3,1.0,1.3,0.7,0.3,0.0,1.0,2.0,0.7
Jacob Gilyard,1,0,41.0,3.0,0.0,4.0,4.0,7.0,3.0,0.0,2.0,3.0,3.5
Jake LaRavia,35,0,11.8,3.0,0.5,1.3,1.8,0.6,0.3,0.1,0.5,1.4,1.2
Kennedy Chandler,36,0,7.8,2.2,0.3,0.8,1.1,1.6,0.3,0.1,0.5,0.4,3.2
Vince Williams Jr.,15,1,7.0,2.0,0.3,0.7,1.0,0.3,0.4,0.1,0.3,0.8,0.8
Damian Lillard,58,58,36.3,32.2,0.8,4.0,4.8,7.3,0.9,0.3,3.3,1.9,2.2
Anfernee Simons,62,62,35.0,21.1,0.3,2.3,2.6,4.1,0.7,0.2,2.1,2.3,2.0
Jerami Grant,63,63,35.7,20.5,0.8,3.7,4.5,2.4,0.8,0.8,1.8,2.4,1.3
Skylar Mays,6,6,31.5,15.3,0.3,2.8,3.2,8.3,1.0,0.2,1.7,1.8,5.0
Jusuf Nurkic,52,52,26.8,13.3,2.2,6.9,9.1,2.9,0.8,0.8,2.3,3.6,1.3
Cam Reddish,20,12,27.6,11.0,0.6,2.3,2.9,1.9,1.2,0.3,1.6,2.0,1.2
Nate Williams,5,4,25.4,10.6,2.0,1.0,3.0,2.0,0.6,0.4,0.8,2.6,2.5
Shaedon Sharpe,80,15,22.2,9.9,0.8,2.2,3.0,1.2,0.5,0.3,1.0,1.7,1.1
Josh Hart,51,51,33.4,9.5,1.9,6.3,8.2,3.9,1.1,0.2,1.5,2.6,2.5
Shaquille Harrison,5,0,24.0,8.8,0.2,4.2,4.4,6.0,2.2,0.4,1.2,2.4,5.0
Kevin Knox II,21,4,17.1,8.5,0.7,2.6,3.3,0.9,0.5,0.0,0.9,1.0,1.0
Matisse Thybulle,22,22,27.7,7.4,0.9,2.6,3.5,1.4,1.7,0.8,0.7,2.2,1.9
Trendon Watford,62,12,19.1,7.4,0.7,3.2,3.8,2.1,0.5,0.2,1.1,1.9,1.8
Chance Comanche,1,0,21.0,7.0,2.0,1.0,3.0,0.0,0.0,1.0,0.0,0.0,0.0
Justise Winslow,29,11,26.8,6.8,1.7,3.3,5.0,3.4,1.0,0.4,1.5,3.1,2.3
Nassir Little,54,4,18.1,6.6,0.5,2.1,2.6,0.9,0.4,0.4,0.7,1.2,1.4
Drew Eubanks,78,28,20.3,6.6,1.7,3.7,5.4,1.3,0.5,1.3,0.9,2.2,1.5
Keon Johnson,40,0,10.4,4.7,0.3,0.8,1.1,1.5,0.5,0.2,1.1,1.1,1.4
Justin Minaya,4,0,22.3,4.3,0.8,3.0,3.8,1.0,0.5,1.3,1.0,2.3,1.0
Gary Payton II,15,1,17.0,4.1,0.7,1.9,2.6,1.5,1.1,0.1,0.8,1.9,1.8
Jabari Walker,56,0,11.1,3.9,0.9,1.5,2.3,0.6,0.2,0.2,0.5,1.2,1.2
Ryan Arcidiacono,9,4,16.2,2.6,0.0,1.2,1.2,2.3,0.3,0.0,0.7,1.6,3.5
John Butler Jr.,19,1,11.6,2.4,0.2,0.7,0.9,0.6,0.4,0.5,0.1,1.2,11.0
Greg Brown III,16,0,5.8,1.8,0.1,1.1,1.2,0.2,0.3,0.3,0.4,0.8,0.5
【Devin Booker】,53,53,34.6,27.8,0.9,3.7,4.5,5.5,1.0,0.3,2.7,3.0,2.0
【Kevin Durant】,8,8,33.6,26.0,0.4,6.0,6.4,3.5,0.3,1.3,2.5,0.9,1.4
Deandre Ayton,67,67,30.4,18.0,2.6,7.4,10.0,1.7,0.6,0.8,1.8,2.8,1.0
Mikal Bridges,56,56,36.4,17.2,1.0,3.3,4.3,3.6,1.2,0.8,1.4,2.1,2.6
Cameron Johnson,17,16,25.2,13.9,0.8,3.0,3.8,1.5,0.9,0.4,0.6,1.7,2.6
Chris Paul,59,59,32.0,13.9,0.5,3.8,4.3,8.9,1.5,0.4,1.9,2.1,4.6
Cameron Payne,48,15,20.2,10.3,0.3,2.0,2.2,4.5,0.7,0.2,1.7,1.8,2.6
Terrence Ross,21,0,18.4,9.0,0.6,2.7,3.3,2.0,0.5,0.1,0.3,2.1,6.8
Landry Shamet,40,9,20.2,8.7,0.3,1.4,1.7,2.3,0.7,0.1,0.9,1.5,2.6
Damion Lee,74,5,20.4,8.2,0.5,2.5,3.0,1.3,0.4,0.1,1.1,1.6,1.3
Duane Washington Jr.,31,3,12.7,7.9,0.1,1.1,1.2,2.0,0.2,0.1,1.1,0.7,1.9
Torrey Craig,79,60,24.7,7.4,1.8,3.6,5.4,1.5,0.6,0.8,0.9,2.3,1.6
Josh Okogie,72,26,18.8,7.3,1.5,2.0,3.5,1.5,0.8,0.5,0.9,1.6,1.7
Jock Landale,69,4,14.2,6.6,1.7,2.3,4.1,1.0,0.2,0.4,0.9,1.8,1.2
Saben Lee,23,1,15.8,6.3,0.6,1.4,2.0,2.8,0.8,0.0,0.9,1.3,3.1
Dario Saric,37,12,14.4,5.8,1.1,2.8,3.8,1.5,0.4,0.1,1.0,1.9,1.6
Bismack Biyombo,61,14,14.3,4.3,1.5,2.8,4.3,0.9,0.3,1.4,0.8,1.9,1.1
T.J. Warren,16,0,12.3,4.2,0.8,2.3,3.1,0.7,0.4,0.3,0.2,1.3,3.7
Ish Wainright,60,2,15.3,4.2,0.8,1.6,2.3,0.9,0.6,0.4,0.4,2.0,2.4
Darius Bazley,7,0,8.7,4.0,0.7,1.6,2.3,0.9,0.4,0.7,0.7,1.3,1.2
Zion Williamson,29,29,33.0,26.0,2.0,5.0,7.0,4.6,1.1,0.6,3.4,2.2,1.3
Brandon Ingram,45,45,34.2,24.7,0.5,5.0,5.5,5.8,0.7,0.4,3.3,2.6,1.8
CJ McCollum,75,75,35.3,20.9,0.7,3.6,4.4,5.7,0.9,0.5,2.4,2.0,2.3
Trey Murphy III,79,65,31.0,14.5,0.7,2.8,3.6,1.4,1.1,0.5,0.8,2.0,1.8
Jonas Valanciunas,79,79,24.9,14.1,2.8,7.3,10.2,1.8,0.3,0.7,2.0,3.1,0.9
Herbert Jones,66,66,29.6,9.8,1.5,2.6,4.1,2.5,1.6,0.6,1.3,3.2,1.8
Naji Marshall,77,21,23.3,9.1,0.6,3.0,3.6,2.5,0.7,0.2,1.3,1.5,1.9
Jose Alvarado,61,10,21.5,9.0,0.5,1.9,2.3,3.0,1.1,0.2,1.3,2.0,2.3
Josh Richardson,23,4,23.2,7.5,0.5,2.0,2.4,1.6,1.3,0.4,1.0,2.0,1.6
Willy Hernangomez,38,2,12.1,6.9,1.5,3.2,4.7,0.9,0.4,0.3,1.0,1.7,0.8
Larry Nance Jr.,65,1,21.2,6.8,1.6,3.8,5.4,1.8,0.9,0.6,0.6,2.0,2.8
Devonte' Graham,53,0,15.3,5.3,0.2,1.1,1.4,2.2,0.6,0.2,0.5,0.9,4.3
Jaxson Hayes,47,2,13.0,5.0,0.8,2.0,2.8,0.7,0.4,0.4,0.7,1.4,1.1
Kira Lewis Jr.,25,0,9.4,4.6,0.2,1.1,1.3,0.9,0.4,0.1,0.4,1.0,2.3
Dyson Daniels,59,11,17.7,3.8,0.6,2.6,3.2,2.3,0.7,0.2,1.0,1.7,2.4
Garrett Temple,25,0,6.5,2.0,0.2,0.5,0.7,0.5,0.4,0.1,0.2,0.6,3.3
Dereon Seabron,5,0,2.4,0.8,0.2,0.0,0.2,0.0,0.0,0.0,0.0,0.2,0.0
Lauri Markkanen,66,66,34.4,25.6,2.0,6.7,8.6,1.9,0.6,0.6,1.9,2.1,1.0
Jordan Clarkson,61,61,32.6,20.8,1.2,2.9,4.0,4.4,0.5,0.2,3.0,2.0,1.5
Collin Sexton,48,15,23.9,14.3,0.8,1.4,2.2,2.9,0.6,0.1,1.8,2.3,1.6
Malik Beasley,55,13,26.8,13.4,0.5,3.1,3.6,1.7,0.8,0.1,1.1,1.4,1.6
Kris Dunn,22,3,25.8,13.2,0.4,4.1,4.5,5.6,1.1,0.5,1.6,2.6,3.5
Kelly Olynyk,68,68,28.6,12.5,1.2,5.0,6.2,3.7,0.9,0.5,2.5,3.4,1.5
Talen Horton-Tucker,65,20,20.2,10.7,0.6,2.6,3.2,3.8,0.6,0.4,1.9,1.7,2.0
Mike Conley,43,42,29.7,10.7,0.4,2.1,2.5,7.7,1.0,0.2,1.7,2.2,4.5
Luka Samanic,7,4,23.0,9.9,0.0,4.3,4.3,2.1,0.9,0.3,1.4,2.4,1.5
Walker Kessler,74,40,23.0,9.2,3.1,5.3,8.4,0.9,0.4,2.3,0.8,2.3,1.2
Jarred Vanderbilt,52,41,24.1,8.3,2.3,5.5,7.9,2.7,1.0,0.3,1.3,2.6,2.1
Ochai Agbaji,59,22,20.5,7.9,0.7,1.3,2.1,1.1,0.3,0.3,0.7,1.7,1.6
Nickeil Alexander-Walker,36,3,14.7,6.3,0.2,1.4,1.6,2.1,0.7,0.4,1.3,1.6,1.7
Simone Fontecchio,52,6,14.7,6.3,0.6,1.1,1.7,0.8,0.3,0.2,0.8,1.2,1.1
Jarrell Brantley,4,0,9.8,5.5,0.3,1.3,1.5,0.8,0.0,0.5,0.5,0.8,1.5
Rudy Gay,56,0,14.6,5.2,0.6,2.3,2.9,1.0,0.3,0.3,0.7,1.2,1.5
Johnny Juzang,18,0,12.9,4.8,0.4,1.7,2.2,0.4,0.2,0.2,0.2,0.7,2.7
Damian Jones,19,0,15.8,4.6,1.3,2.3,3.5,0.6,0.3,0.5,0.7,2.0,0.8
Udoka Azubuike,36,4,10.0,3.5,0.9,2.4,3.3,0.3,0.2,0.4,0.5,0.9,0.6
Micah Potter,7,0,7.4,3.4,0.4,1.9,2.3,0.6,0.1,0.0,0.3,0.7,2.0
Juan Toscano-Anderson,22,2,15.2,3.4,0.6,2.2,2.9,1.8,0.3,0.1,0.8,1.5,2.4
Leandro Bolmaro,14,0,4.9,0.4,0.3,0.2,0.5,0.5,0.2,0.1,0.5,0.7,1.0
Frank Jackson,1,0,5.0,0.0,1.0,1.0,2.0,1.0,0.0,0.0,0.0,0.0,INF
De'Aaron Fox,73,73,33.4,25.0,0.5,3.6,4.2,6.1,1.1,0.3,2.5,2.4,2.5
Domantas Sabonis,79,79,34.6,19.1,3.2,9.1,12.3,7.3,0.8,0.5,2.9,3.5,2.5
Kevin Huerter,75,75,29.4,15.2,0.6,2.8,3.3,2.9,1.1,0.3,1.3,2.4,2.3
Harrison Barnes,82,82,32.5,15.0,1.1,3.4,4.5,1.6,0.7,0.1,1.0,1.3,1.5
Malik Monk,77,0,22.3,13.5,0.4,2.2,2.6,3.9,0.6,0.3,1.9,1.6,2.0
Keegan Murray,80,78,29.8,12.2,1.1,3.5,4.6,1.2,0.8,0.5,0.8,2.0,1.6
Trey Lyles,74,0,16.9,7.6,0.9,3.1,4.1,0.9,0.4,0.4,0.9,1.3,1.0
Terence Davis,64,5,13.1,6.7,0.3,1.9,2.2,1.0,0.7,0.2,0.8,1.6,1.3
Davion Mitchell,80,9,18.1,5.6,0.2,1.1,1.3,2.3,0.6,0.2,0.8,1.4,3.0
Chimezie Metu,66,0,10.4,4.9,0.7,2.3,3.0,0.6,0.3,0.3,0.5,1.2,1.3
Kessler Edwards,22,3,13.9,3.9,0.8,1.4,2.1,1.0,0.5,0.2,0.4,1.7,2.3
Richaun Holmes,42,1,8.3,3.1,0.7,1.2,1.9,0.2,0.1,0.3,0.3,1.2,0.6
Neemias Queta,5,0,5.8,2.4,1.0,1.2,2.2,0.2,0.0,0.4,0.2,1.4,1.0
Alex Len,26,2,6.2,1.7,0.9,1.4,2.3,0.5,0.2,0.4,0.6,1.1,0.8
Keon Ellis,16,0,4.4,1.5,0.3,0.3,0.5,0.4,0.3,0.1,0.1,0.6,6.0
Matthew Dellavedova,32,0,6.7,1.5,0.0,0.4,0.4,1.3,0.2,0.0,0.3,0.6,4.1
PJ Dozier,16,0,4.9,1.4,0.1,0.8,0.9,0.6,0.4,0.1,0.3,0.4,2.0
KZ Okpala,35,3,7.1,1.3,0.2,0.8,1.0,0.4,0.2,0.2,0.2,1.1,1.9
Chima Moneke,2,0,4.0,1.0,1.0,0.0,1.0,0.5,0.0,0.0,1.0,1.0,0.5
Deonte Burton,2,0,3.0,0.0,0.0,0.0,0.0,0.0,0.0,0.0,0.0,0.0,0.0
Keldon Johnson,63,63,32.7,22.0,0.9,4.2,5.0,2.9,0.7,0.2,2.1,2.0,1.4
Devin Vassell,38,32,31.0,18.5,0.2,3.7,3.9,3.6,1.1,0.4,1.5,1.5,2.4
Devonte' Graham,20,8,26.4,13.0,0.4,2.2,2.5,4.0,0.8,0.3,1.3,1.6,3.1
Tre Jones,68,65,29.2,12.9,0.8,2.8,3.6,6.6,1.3,0.1,1.6,1.4,4.1
Jakob Poeltl,46,46,26.1,12.1,3.3,5.7,9.0,3.1,0.8,1.1,2.1,2.6,1.5
Zach Collins,63,26,22.9,11.6,1.8,4.5,6.4,2.9,0.6,0.8,2.0,3.2,1.4
Josh Richardson,42,6,23.7,11.5,0.7,2.1,2.8,3.3,1.0,0.3,1.5,1.7,2.2
Julian Champagnie,15,3,20.9,11.0,0.7,3.3,4.0,0.7,0.3,0.3,0.7,1.7,0.9
Jeremy Sochan,56,53,26.0,11.0,1.7,3.6,5.3,2.5,0.8,0.4,1.7,2.5,1.5
Sandro Mamukelashvili,19,7,23.3,10.8,2.7,4.1,6.8,2.4,0.5,0.4,1.4,1.7,1.8
Doug McDermott,64,0,20.5,10.2,0.4,1.8,2.2,1.4,0.2,0.1,0.9,1.8,1.6
Malaki Branham,66,32,23.5,10.2,0.4,2.3,2.7,1.9,0.5,0.1,1.2,1.7,1.7
Keita Bates-Diop,67,42,21.7,9.7,1.0,2.7,3.7,1.5,0.7,0.3,0.8,0.9,1.8
Joshua Primo,4,0,23.3,7.0,0.5,2.8,3.3,4.5,0.3,0.5,2.8,2.0,1.6
Romeo Langford,43,21,19.6,6.9,1.3,1.3,2.7,1.2,0.6,0.3,0.7,1.6,1.7
Stanley Johnson,30,0,15.6,5.8,0.7,2.4,3.2,2.2,0.5,0.2,1.1,1.6,2.0
Charles Bassey,35,2,14.5,5.7,2.1,3.4,5.5,1.3,0.5,0.9,1.2,2.1,1.1
Blake Wesley,37,1,18.1,5.0,0.3,1.9,2.2,2.7,0.7,0.1,1.8,1.8,1.5
Isaiah Roby,42,2,11.3,4.1,0.5,2.1,2.6,0.9,0.4,0.2,0.7,1.3,1.2
Dominick Barlow,28,0,14.6,3.9,1.6,2.0,3.6,0.9,0.4,0.7,0.5,2.0,1.6
Gorgui Dieng,31,1,11.5,3.9,0.9,2.6,3.5,1.7,0.1,0.5,1.0,1.8,1.7
Jordan Hall,9,0,9.2,3.1,0.3,1.0,1.3,1.2,0.1,0.0,0.8,0.7,1.6
Alize Johnson,4,0,7.5,1.8,0.5,2.0,2.5,0.3,0.3,0.0,1.0,0.8,0.3